28889642
28911067
29150394
37740646
37740647
37740649
37740650
37740651
37740652
37740653
37740654
37740655
37740660
37740662
37740663
37740664
37740665
37740666
37740690
37740691
37740693
37740694
37740695
37740696
38159889
38159892
38159896
38159897
38159901
38159902
38159903
42146360
42146361
42146362
42268649
42268720
42268882
42269124
42269226
42276907
42276908
42276909
42276910
42276911
42276912
42276914
42276916
42278033
42278034
42348206
42348210
42417162
42417167
42417457
42417458
42417459
42417460
42417461
42418347
42418348
42418350
42451908
42451909
42451910
42451911
42451912
42451913
42451914
42451916
42451920
42451921
42451922
42451923
42451928
42451930
63108641
63108656
63108846
63108859
106734348
150374740
207558118
316777075
328007124
528117465
535842126
714845603
